#
#Tue Apr 03 14:50:48 EDT 2012
longitude2_deg=-112.81447304068085
longitude1_deg=-113.3568887463621
maxRadius_m=2000.0
minRadius_m=200.0
minAltitude_m=152.4
maxAltitude_m=1066.8
minAlt_IsAGL=true
latitude2_deg=39.94173744673601
maxAlt_IsAGL=true
latitude1_deg=40.29084521678197
