#
#Fri Mar 22 12:56:51 UTC 2013
longitude2_deg=-112.79677791250654
longitude1_deg=-113.38126567955311
maxRadius_m=2000.0
minRadius_m=200.0
minAltitude_m=152.0
maxAltitude_m=914.0
minAlt_IsAGL=true
latitude2_deg=39.928316539909
latitude1_deg=40.31426378692493
maxAlt_IsAGL=true
